1 566
1 784
4 905
5 807
6 632
6 819
7 642
9 813
12 738
13 621
14 802
16 655
17 948
24 772
26 581
29 615
30 836
31 756
36 948
38 756
39 790
41 758
42 712
43 817
44 698
46 676
47 581
47 800
48 762
49 800
50 881
50 883
55 978
59 869
67 650
68 849
70 964
74 625
74 962
74 999
75 772
75 838
77 950
79 567
80 768
80 971
82 817
84 573
88 804
90 554
90 876
90 920
91 918
98 796
100 570
100 947
105 577
107 828
108 697
109 750
110 654
110 726
115 937
117 720
125 943
126 738
128 749
129 712
130 665
132 820
135 726
139 567
140 785
141 663
141 669
141 854
144 968
149 843
150 694
156 723
159 987
163 688
164 744
173 773
174 980
177 978
178 560
179 784
179 967
183 564
183 682
191 750
191 921
198 960
205 961
206 985
207 810
210 963
212 949
213 830
217 959
220 955
221 709
227 787
228 882
230 689
235 587
238 616
238 688
238 716
238 940
240 590
240 733
244 725
249 781
256 652
256 971
257 985
259 963
264 638
266 991
272 806
273 856
277 530
280 696
280 991
284 691
286 974
291 766
292 607
292 894
293 910
299 780
302 989
303 696
304 932
309 520
314 979
325 710
326 514
328 518
331 829
333 760
333 951
336 920
337 513
341 706
341 707
344 551
347 539
347 590
350 580
352 936
354 612
356 700
357 811
358 717
359 850
361 807
363 666
369 768
371 767
373 988
374 863
378 818
379 923
383 832
384 674
385 662
385 811
387 536
387 876
388 689
388 693
394 671
394 708
395 615
395 857
396 577
396 900
397 654
399 927
400 636
401 626
401 702
401 884
402 673
405 893
406 707
407 776
410 912
411 609
414 876
420 844
427 815
429 624
433 930
435 535
436 501
437 796
438 882
439 653
443 597
444 836
444 909
450 773
456 696
456 740
461 512
462 700
465 552
465 777
465 834
465 920
467 661
467 815
468 907
469 713
469 804
470 543
471 488
473 665
474 797
480 783
483 804
484 541
484 702
484 721
484 770
485 879
486 485
490 669
491 888
494 595
495 611
495 888
496 789
496 1000
497 497
498 681
500 753
501 574
502 940
506 816
510 703
512 913
519 683
519 843
522 726
523 834
524 852
525 775
527 764
532 742
532 917
534 558
535 560
539 979
541 880
546 932
547 638
554 601
557 939
557 1000
560 700
563 571
564 908
566 887
567 570
568 785
574 572
575 933
577 886
579 534
579 599
579 945
580 850
580 948
581 474
581 760
581 905
583 624
584 751
586 981
590 916
592 602
601 630
602 523
602 536
602 649
603 765
603 895
608 897
608 955
610 517
610 625
613 840
614 801
619 686
620 722
620 879
621 819
624 610
625 749
632 627
634 667
634 993
635 505
641 743
642 660
643 501
644 988
646 776
647 821
648 705
649 674
650 505
651 671
653 985
654 609
655 640
657 515
662 924
669 833
672 632
674 948
676 664
677 692
684 470
685 617
687 821
688 922
691 571
695 831
697 696
697 872
698 793
698 874
702 882
707 697
709 732
713 515
714 815
714 867
716 559
720 929
721 774
724 512
725 551
728 931
729 979
730 578
730 580
731 543
731 857
733 811
734 927
735 519
736 593
737 781
738 942
742 564
742 565
742 710
744 754
745 464
745 774
746 452
746 835
750 511
752 732
757 917
759 598
761 684
762 644
762 706
762 805
763 458
764 781
765 999
766 488
768 543
772 449
773 690
774 714
781 857
787 651
788 885
790 516
790 845
791 623
797 892
804 928
808 685
808 932
810 753
813 720
814 441
815 838
816 592
820 786
820 961
823 714
830 726
832 771
833 945
834 441
834 945
836 566
836 593
836 751
836 860
838 895
838 987
839 841
839 948
840 476
842 734
844 937
845 955
846 732
847 569
848 439
852 745
861 679
863 891
866 942
867 774
869 600
870 958
872 464
872 489
873 775
877 626
879 759
879 809
884 502
884 973
894 764
895 482
895 740
898 427
898 444
899 517
900 958
900 987
903 539
904 815
906 726
907 768
908 457
912 477
914 919
915 612
916 490
916 924
917 910
920 974
923 533
925 586
927 577
930 530
930 562
930 662
935 841
936 691
938 943
941 854
942 768
943 722
947 864
948 534
951 494
951 794
952 807
953 759
953 761
955 595
955 758
958 656
959 406
959 592
962 498
962 545
964 490
965 585
965 622
966 914
968 415
968 899
969 659
970 574
973 563
973 838
982 695
985 466
987 800
987 839
988 462
989 973
991 842
992 407
992 696
993 795
993 855
994 414
994 437
996 667
996 899
1000 399
995 345
995 161
994 179
993 243
992 14
989 338
989 288
988 166
988 163
987 133
987 66
973 205
973 70
971 320
971 134
970 82
969 308
968 8
965 344
962 65
961 33
958 173
955 272
955 191
951 31
950 342
949 37
945 141
940 302
940 31
939 287
937 85
935 366
933 105
927 70
918 144
915 302
911 345
911 161
910 334
906 285
901 70
898 324
897 362
895 241
892 344
892 17
891 146
891 48
885 396
884 403
883 321
883 188
882 385
874 114
867 304
867 73
865 264
865 18
860 323
860 218
860 217
859 226
852 198
850 155
845 64
843 320
842 375
842 294
841 180
840 308
839 83
836 215
835 322
833 416
831 51
830 146
826 30
812 221
811 195
810 23
809 403
808 77
807 275
807 201
806 174
804 204
803 352
802 31
801 266
801 73
800 329
800 117
797 187
794 393
794 157
791 56
790 294
788 118
786 165
781 237
779 142
778 410
776 284
773 143
771 87
768 120
765 176
755 195
754 205
753 310
742 102
741 247
737 378
734 279
734 38
730 419
726 347
726 38
724 242
723 398
722 42
721 46
720 334
719 351
718 244
717 274
716 362
716 158
708 120
705 94
704 137
698 379
695 366
691 226
686 14
685 225
681 90
680 120
679 439
678 225
678 15
677 431
677 16
674 257
671 440
669 218
668 146
666 121
665 366
658 70
654 65
649 315
643 131
642 116
641 154
641 51
640 255
638 121
636 242
632 86
627 69
625 55
621 144
613 403
612 181
611 439
611 367
610 375
610 138
609 399
607 75
606 418
605 240
601 317
601 152
598 375
593 405
592 366
589 405
586 355
581 435
579 242
578 108
576 5
573 463
573 360
573 262
569 372
569 351
569 214
565 10
564 135
561 456
561 418
554 249
547 334
545 135
544 256
543 264
541 293
540 132
533 338
531 154
530 197
529 200
528 464
527 269
525 286
525 132
523 45
521 442
519 253
513 91
511 42
510 444
510 356
506 372
503 235
501 85
500 110
499 268
496 452
493 226
490 340
489 305
486 203
486 58
485 173
482 446
476 246
472 255
469 420
468 371
464 315
463 296
462 41
460 106
459 488
459 354
456 183
455 276
455 194
451 435
451 58
449 441
448 124
446 261
445 424
443 202
443 120
438 15
437 237
437 25
433 209
432 326
431 413
431 56
430 338
428 344
427 386
424 245
422 104
419 139
419 45
417 383
416 75
416 46
415 355
414 184
408 174
407 215
406 247
406 131
405 131
401 85
401 39
400 365
397 345
395 342
394 356
393 328
391 303
390 260
390 248
389 446
383 147
382 190
382 96
381 370
381 231
376 343
376 256
375 209
374 84
373 414
370 58
369 73
363 466
363 92
361 368
359 322
359 321
356 396
354 453
352 434
351 406
350 409
350 175
350 66
349 4
348 207
346 17
344 417
344 416
341 244
338 117
329 310
328 506
326 461
326 427
325 427
324 84
323 490
323 158
321 334
316 242
312 289
310 188
310 39
308 74
306 423
304 8
301 437
298 40
297 437
297 133
294 473
291 156
289 329
287 420
286 420
286 289
285 428
282 475
277 92
268 277
262 309
261 251
258 228
254 444
253 80
251 450
248 504
247 348
243 333
239 201
237 2
236 24
233 399
232 300
232 206
231 90
231 58
230 142
228 364
228 141
228 107
226 105
225 317
225 90
224 215
217 281
216 330
214 134
212 455
211 126
209 128
207 92
207 61
197 490
197 99
195 198
194 402
194 263
192 325
189 234
189 111
183 483
181 410
181 1
180 243
178 473
177 40
175 458
171 175
171 168
171 66
167 400
166 491
166 189
164 476
163 417
162 162
159 143
157 531
154 200
149 151
145 537
145 185
144 188
144 160
139 227
139 215
131 407
128 469
126 70
123 394
122 215
120 329
117 386
117 100
116 394
113 49
111 253
107 269
105 398
101 165
101 150
99 453
98 484
96 543
95 487
92 411
92 97
92 81
89 361
89 246
89 121
89 92
88 391
88 269
86 353
86 116
84 310
84 111
82 44
81 310
81 246
80 156
77 451
76 167
73 347
72 47
69 394
67 180
65 436
64 148
63 392
62 438
62 170
62 62
57 122
55 495
54 472
48 12
43 231
42 75
41 399
38 250
37 500
36 413
34 391
34 23
32 465
30 371
28 224
28 86
27 518
27 342
27 309
24 266
23 259
22 354
20 389
16 101
11 159
5 516
5 101
2 116
1 566
