17 799
91 851
110 851
163 842
179 883
229 881
245 916
362 867
463 944
486 930
490 897
498 897
725 922
797 987
813 937
989 965
988 311
981 745
979 16
971 679
971 625
966 14
962 466
961 19
939 102
924 478
922 643
910 406
910 262
907 9
880 513
876 10
859 79
857 131
826 707
811 408
804 706
779 341
777 136
770 818
768 58
767 497
762 612
757 443
756 109
738 175
733 857
732 534
710 709
694 701
678 676
661 59
660 772
646 615
643 616
611 189
596 875
580 428
560 736
556 807
551 262
549 865
543 201
530 468
529 407
505 102
504 689
492 426
464 94
444 242
427 398
421 591
415 672
406 189
401 733
393 706
380 280
376 157
355 394
327 163
311 195
305 152
301 592
265 477
262 665
261 69
217 569
201 418
176 346
170 763
156 454
145 118
124 207
122 770
100 702
69 381
55 427
43 535
39 486
33 637
17 799
