1 996
71 994
218 939
276 868
283 938
303 860
342 877
357 934
398 883
407 953
410 890
416 861
424 861
431 953
435 914
469 944
495 938
506 969
512 786
512 850
515 894
523 745
533 759
535 836
559 949
563 801
570 935
593 932
599 796
608 705
609 711
615 824
617 848
630 830
640 941
644 949
647 714
660 686
695 866
756 986
783 801
783 835
786 764
794 757
795 993
797 826
800 810
800 838
821 927
821 965
827 969
828 995
833 624
833 907
848 854
860 663
865 772
869 831
869 952
872 610
874 639
879 647
879 997
889 846
897 591
900 871
910 835
911 554
914 707
923 876
929 753
949 661
952 817
961 568
964 698
965 696
967 866
969 623
970 958
979 871
998 505
992 99
990 9
980 455
976 268
972 266
965 514
962 371
956 132
955 108
951 526
940 16
894 385
876 117
873 444
857 520
855 441
850 26
849 178
840 381
838 556
838 504
828 562
824 166
818 215
815 509
810 592
808 317
803 580
801 423
794 549
787 78
768 391
767 267
761 327
751 370
750 12
748 355
742 572
742 231
741 191
726 153
723 23
706 529
703 542
691 194
689 390
683 141
678 332
670 166
669 464
669 40
662 215
659 538
659 335
653 595
652 295
649 148
644 632
636 67
635 201
630 109
621 308
620 680
619 38
616 253
607 140
601 525
600 560
594 564
591 632
591 117
584 569
584 411
576 255
564 284
559 236
558 609
547 462
545 590
529 427
529 243
516 18
508 520
506 314
505 113
503 106
501 305
500 251
499 116
496 367
495 192
484 282
482 239
480 143
480 6
478 758
477 213
476 97
473 91
470 595
466 412
464 163
464 12
459 530
455 56
454 73
453 707
446 103
433 561
423 519
423 330
419 760
415 193
406 670
405 66
368 119
366 551
364 592
356 223
356 145
354 23
340 566
336 485
333 119
331 692
329 257
326 261
322 808
322 755
310 669
304 372
295 244
287 750
285 274
285 224
281 605
281 103
274 366
268 342
263 853
259 684
258 819
251 765
251 757
251 521
239 631
237 846
234 640
234 48
229 206
228 732
228 582
228 510
226 291
220 395
213 219
204 447
203 245
201 583
184 561
179 790
177 830
176 755
173 330
172 399
171 843
168 4
165 815
159 432
149 430
146 706
136 421
129 569
126 766
122 651
121 552
114 425
113 369
112 780
111 567
109 363
106 339
100 33
99 276
96 555
94 290
93 872
92 727
86 269
85 281
83 572
83 523
82 398
82 31
81 899
78 316
78 155
74 573
73 303
67 25
63 97
61 531
59 873
49 136
48 225
45 675
44 933
44 721
42 187
35 749
33 672
31 191
28 928
24 35
23 700
18 776
16 156
15 299
11 780
1 996
