1 517
3 949
6 670
10 973
13 588
16 755
20 764
21 535
23 998
26 945
29 997
33 570
33 648
39 935
41 762
51 805
60 898
65 728
65 823
67 533
72 921
80 816
80 827
81 991
84 961
85 915
90 950
94 549
96 952
97 536
106 846
110 558
111 952
113 905
119 593
120 853
121 575
128 754
129 809
136 942
139 542
140 722
147 952
151 806
156 883
161 969
170 986
174 985
175 961
188 807
191 763
210 575
210 638
212 829
216 905
219 754
220 761
225 557
225 580
230 913
234 952
238 798
242 721
250 629
250 884
252 981
275 851
284 791
284 957
291 658
298 970
301 972
303 860
307 618
307 722
316 868
321 628
322 640
329 854
331 802
351 873
358 651
362 635
363 772
363 888
365 674
370 782
371 858
381 891
393 667
395 913
404 954
407 952
408 961
410 655
413 831
419 678
431 897
432 998
444 735
444 880
452 605
453 757
456 760
461 950
463 834
467 774
468 803
471 827
473 646
474 875
477 817
482 830
483 908
503 918
507 951
509 609
511 722
511 733
512 704
515 707
524 927
526 858
532 808
539 609
541 981
543 750
545 909
556 637
557 1000
558 735
564 823
569 652
573 784
580 845
583 751
584 861
584 864
587 874
588 649
589 793
594 789
599 925
602 822
606 975
607 620
615 890
616 772
626 807
636 709
648 919
670 647
674 712
674 855
678 746
685 697
685 942
688 671
691 763
702 874
720 966
726 968
726 986
738 678
738 844
740 730
745 869
762 656
768 652
770 734
775 956
785 933
791 758
797 660
797 704
800 850
806 832
807 766
817 806
821 993
823 933
834 689
838 921
838 939
848 903
858 708
862 967
871 912
872 708
884 937
886 669
890 985
897 846
909 875
919 798
924 758
932 843
938 708
951 795
963 748
963 936
979 933
999 780
1000 681
991 331
991 93
989 349
984 284
982 49
977 634
977 299
972 387
971 544
968 137
967 614
964 264
964 104
958 450
944 584
940 516
937 211
933 51
927 264
917 56
911 645
909 388
906 296
904 222
896 6
890 542
890 374
890 308
888 343
884 59
883 622
882 415
875 523
873 134
866 176
863 244
861 603
861 54
858 464
853 197
852 444
851 466
850 118
848 298
846 499
846 324
845 296
841 544
838 579
831 614
829 557
828 415
821 179
820 397
815 257
813 569
813 297
802 233
801 125
800 609
799 190
798 354
797 71
786 439
786 422
783 129
780 73
778 362
777 203
768 520
752 274
737 385
731 21
729 616
723 369
722 83
719 187
711 35
708 471
707 163
698 92
697 622
697 347
693 349
692 569
691 35
684 606
682 113
682 92
676 346
674 275
671 228
663 443
661 450
658 502
655 583
654 582
653 5
652 459
650 172
634 251
634 160
629 302
629 161
623 382
620 271
619 518
610 394
609 50
605 110
603 184
598 38
588 147
587 450
585 344
585 96
582 314
578 49
576 553
576 64
575 464
574 480
571 321
567 165
566 367
566 48
560 131
560 111
560 80
556 501
551 531
550 315
549 504
543 166
537 3
536 514
531 66
529 496
527 435
526 299
516 59
509 430
504 175
502 478
501 342
501 196
498 174
496 562
494 423
492 333
489 151
485 115
481 169
481 94
480 420
475 237
473 344
466 410
465 440
465 276
465 268
463 6
459 133
456 510
456 366
455 581
452 112
451 499
445 358
444 208
443 510
441 44
440 341
427 410
422 242
420 143
420 42
417 171
408 194
404 308
404 72
398 349
398 186
397 560
397 208
391 527
388 518
387 24
382 3
380 198
378 551
377 298
377 295
373 526
370 306
358 457
356 339
355 575
349 48
347 460
345 95
342 379
342 104
325 140
323 512
321 546
313 290
311 61
305 547
305 78
300 504
296 98
295 196
294 503
293 228
288 406
288 371
283 202
279 236
275 227
273 20
268 522
267 530
265 484
264 46
264 1
259 530
257 306
256 26
254 381
254 72
247 482
246 481
245 1
243 281
242 134
241 340
241 156
237 286
236 287
234 41
231 226
231 192
229 68
229 62
227 411
221 202
220 475
210 509
208 313
205 124
204 457
192 338
190 546
181 369
176 180
175 264
174 4
157 184
153 469
153 152
150 121
143 265
141 440
140 366
139 121
136 537
136 107
133 51
129 471
119 389
105 448
98 292
96 243
94 380
93 306
92 158
91 382
90 507
90 505
83 254
81 50
80 172
74 164
68 188
67 17
62 453
59 172
38 423
24 423
22 164
10 300
9 170
6 292
5 385
2 502
1 517
